4 
3 
34 
2 
24 
58 
6 
5 
16 
46 
172 
152 
20 
29 
86 
86 
85 
23 
16 
18 
23 
16 
11 
18 
10 
9 
33 
34 
16 
13 
32 
12 
5 
36 
34 
31 
40 
39 
38 
37 
37 
39 
0 
47 
46 
52 
51 
39 
47 
46 
47 
46 
33 
18 
75 
34 
44 
46 
6 
5 
44 
10 
29 
14 
33 
35 
29 
121 
29 
55 
77 
47 
46 
27 
109 
31 
75 
11 
58 
57 
5 
31 
5 
24 
5 
16 
0 
31 
127 
39 
46 
94 
20 
108 
0 
0 
0 
0 
0 
0 
0 
0 
4 
34 
2 
33 
33 
5 
118 
117 
55 
110 
110 
55 
118 
117 
108 
130 
140 
26 
68 
67 
117 
118 
55 
118 
11 
63 
38 
0 
0 
129 
69 
171 
11 
134 
86 
26 
26 
25 
5 
34 
73 
47 
14 
46 
69 
20 
76 
62 
20 
578 
12 
115 
116 
126 
127 
11 
69 
11 
25 
165 
34 
63 
50 
29 
38 
63 
167 
151 
0 
11 
158 
108 
159 
62 
50 
26 
37 
5 
9 
166 
154 
46 
13 
2 
33 
109 
109 
18 
63 
44 
2 
1 
6 
60 
5 
46 
34 
33 
33 
34 
75 
76 
2 
46 
31 
38 
109 
38 
196 
230 
33 
35 
47 
205 
33 
35 
211 
212 
46 
39 
204 
201 
13 
26 
5 
6 
31 
166 
196 
25 
196 
232 
236 
46 
198 
205 
48 
0 
68 
66 
75 
14 
0 
0 
62 
44 
25 
29 
220 
62 
62 
62 
26 
234 
35 
201 
47 
46 
47 
211 
29 
0 
0 
47 
47 
36 
230 
196 
76 
46 
76 
275 
0 
0 
47 
741 
741 
276 
62 
50 
47 
178 
183 
47 
66 
65 
37 
38 
178 
283 
69 
126 
283 
178 
76 
75 
55 
191 
196 
196 
196 
167 
166 
196 
205 
235 
76 
39 
34 
219 
220 
48 
198 
62 
322 
62 
225 
14 
145 
26 
305 
460 
31 
0 
0 
46 
49 
0 
0 
283 
284 
46 
49 
249 
38 
34 
220 
268 
342 
231 
340 
268 
178 
267 
302 
213 
35 
75 
211 
0 
0 
178 
147 
62 
196 
178 
46 
49 
339 
262 
0 
196 
263 
336 
2 
1 
26 
856 
420 
162 
164 
34 
196 
379 
196 
46 
166 
60 
46 
46 
69 
50 
25 
62 
0 
384 
383 
231 
328 
230 
49 
0 
0 
231 
0 
403 
402 
402 
403 
405 
386 
0 
0 
0 
0 
668 
306 
272 
147 
417 
416 
108 
20 
412 
413 
420 
412 
410 
412 
385 
416 
274 
416 
0 
413 
416 
231 
360 
359 
24 
196 
360 
359 
359 
364 
440 
429 
390 
429 
440 
0 
0 
0 
0 
0 
0 
0 
61 
193 
227 
76 
227 
193 
193 
6 
227 
4 
324 
4 
459 
4 
10 
137 
384 
9 
50 
62 
56 
62 
24 
461 
10 
31 
62 
24 
24 
151 
25 
26 
10 
67 
107 
1 
62 
9 
4 
25 
151 
25 
1 
4 
201 
62 
25 
4 
20 
369 
26 
25 
67 
62 
69 
486 
2 
20 
62 
10 
69 
10 
502 
498 
486 
154 
4 
5 
384 
86 
85 
86 
61 
61 
24 
1001 
25 
3 
18 
62 
5 
44 
5 
508 
5 
4 
1016 
450 
62 
29 
20 
273 
20 
273 
89 
62 
273 
25 
26 
5 
20 
69 
23 
24 
0 
20 
4 
4 
20 
4 
20 
4 
23 
24 
24 
89 
108 
18 
18 
18 
543 
0 
24 
23 
1 
69 
24 
129 
29 
502 
554 
508 
1 
4 
36 
20 
585 
108 
533 
25 
533 
129 
411 
410 
108 
129 
20 
108 
472 
158 
75 
594 
24 
23 
502 
69 
127 
25 
33 
410 
424 
23 
152 
153 
25 
26 
46 
20 
50 
46 
116 
85 
35 
13 
167 
61 
152 
86 
85 
20 
86 
46 
20 
35 
38 
69 
25 
118 
14 
42 
69 
64 
31 
182 
31 
34 
48 
48 
46 
153 
56 
33 
75 
47 
75 
31 
33 
34 
5 
25 
26 
16 
25 
37 
26 
56 
38 
306 
38 
63 
20 
26 
25 
39 
37 
20 
38 
63 
26 
29 
20 
48 
20 
24 
469 
61 
46 
46 
61 
63 
176 
67 
158 
42 
76 
55 
50 
118 
38 
62 
118 
108 
50 
50 
63 
48 
0 
61 
539 
273 
24 
986 
463 
4 
4 
502 
504 
20 
478 
26 
25 
26 
46 
46 
25 
761 
705 
51 
25 
26 
62 
151 
46 
29 
26 
26 
25 
77 
25 
32 
25 
275 
75 
20 
56 
55 
33 
56 
24 
35 
151 
31 
470 
62 
179 
38 
480 
86 
62 
46 
539 
48 
24 
46 
35 
39 
47 
46 
24 
46 
167 
151 
42 
539 
539 
25 
46 
25 
501 
26 
622 
548 
0 
473 
46 
32 
86 
89 
1 
62 
29 
33 
40 
48 
2 
46 
791 
48 
42 
41 
75 
32 
40 
724 
478 
557 
38 
40 
20 
0 
0 
478 
32 
152 
46 
75 
75 
32 
727 
75 
31 
654 
805 
655 
29 
32 
32 
40 
89 
88 
823 
0 
0 
651 
75 
826 
831 
156 
8 
178 
31 
156 
62 
38 
46 
167 
25 
167 
25 
26 
167 
46 
38 
222 
368 
86 
237 
20 
50 
20 
459 
0 
29 
25 
85 
25 
25 
86 
85 
16 
31 
0 
20 
20 
20 
46 
26 
145 
46 
145 
62 
29 
178 
31 
178 
237 
614 
62 
5 
67 
33 
35 
85 
31 
658 
493 
177 
178 
493 
20 
556 
178 
178 
183 
62 
25 
26 
725 
726 
33 
46 
75 
86 
300 
614 
178 
882 
62 
62 
155 
300 
39 
46 
46 
35 
178 
237 
67 
616 
619 
369 
634 
179 
369 
371 
780 
1012 
62 
12 
0 
0 
500 
86 
349 
86 
478 
237 
470 
300 
237 
31 
35 
167 
201 
237 
761 
178 
488 
12 
35 
20 
154 
155 
493 
35 
38 
547 
556 
35 
620 
32 
541 
29 
31 
616 
982 
32 
305 
196 
305 
196 
668 
306 
668 
86 
62 
491 
752 
467 
491 
26 
46 
163 
46 
32 
32 
48 
0 
1001 
1000 
0 
0 
63 
675 
463 
1 
4 
536 
525 
493 
20 
486 
156 
1007 
20 
0 
536 
493 
711 
1017 
32 
230 
0 
0 
0 
